Current State,Year,Alabama,Alaska,Arizona,Arkansas,California,Colorado,Connecticut,Delaware,District of Columbia,Florida,Georgia,Hawaii,Idaho,Illinois,Indiana,Iowa,Kansas,Kentucky,Louisiana,Maine,Maryland,Massachusetts,Michigan,Minnesota,Mississippi,Missouri,Montana,Nebraska,Nevada,New Hampshire,New Jersey,New Mexico,New York,North Carolina,North Dakota,Ohio,Oklahoma,Oregon,Pennsylvania,Rhode Island,South Carolina,South Dakota,Tennessee,Texas,Utah,Vermont,Virginia,Washington,West Virginia,Wisconsin,Wyoming
Alabama,2005,0,456,-853,1274,-1350,427,-199,17,191,5082,-4335,-711,-23,1859,1041,32,-651,951,1908,24,-155,117,1561,-365,5263,860,-299,367,555,434,584,-53,1736,-2346,80,-370,1470,-1142,-197,-88,172,0,491,490,200,163,422,1140,85,-1972,168
Alaska,2005,-456,0,-953,-606,-1376,-601,-310,-337,0,-1992,-1754,159,-915,-2301,-5,-105,700,-142,-1438,-247,-242,-494,-1305,-692,1143,-107,-301,57,-333,-339,-791,-222,-192,-275,63,-177,-33,-676,-718,-87,450,70,-428,-1821,741,-15,-1293,-1445,-1164,629,76
Arizona,2005,853,953,0,579,66140,4494,1760,24,692,1222,-2765,-193,681,6473,1331,-459,-184,-157,842,36,1241,1564,6288,2282,794,-1851,587,1526,4044,415,2772,3771,3362,230,605,2330,-681,-203,3036,156,195,229,4015,5272,864,223,1945,-1790,128,5601,229
Arkansas,2005,-1274,606,-579,0,3686,781,66,-344,0,1923,-96,315,171,1069,1191,-418,-135,-977,3633,-238,-499,1327,240,224,2363,1483,-86,555,97,0,446,-432,199,-78,74,155,1925,-634,-40,0,1571,337,-107,10284,216,0,968,381,3,550,-137
California,2005,1350,1376,-66140,-3686,0,-11029,3269,-126,1124,-3900,-10885,-4555,-10540,-2973,-1570,-196,-1901,-1080,1354,-2016,-1654,3521,2442,-2626,-2064,-3451,-3440,-247,-27836,-257,4007,-6479,7511,1473,14,-3080,-5367,-39185,-2165,-142,-1243,323,-8464,-38747,-6458,366,-285,-17993,-40,-2785,-1928
Colorado,2005,-427,601,-4494,-781,11029,0,-322,-88,286,461,-416,-1474,-1042,-512,1284,-727,481,532,894,-214,742,1431,-1126,289,214,130,476,2494,1677,1481,-404,-741,3357,2301,504,-596,-806,-2427,2911,51,-2,471,890,-853,257,-295,-338,-2814,352,699,1567
Connecticut,2005,199,310,-1760,-66,-3269,322,0,173,1241,-7344,-2928,149,-251,875,-116,-92,-81,-74,-137,-1620,840,-782,268,-853,55,-214,-345,-310,-244,377,-1209,-462,17080,-2557,-382,-43,-193,-174,-548,2399,-1011,0,-324,-598,-343,80,-1924,-318,140,-472,0
Delaware,2005,-17,337,-24,344,126,88,-173,0,-357,543,-50,0,222,331,-43,0,1,58,23,0,3283,193,517,89,-215,105,-40,-10,-87,0,1423,0,4169,380,0,-572,163,198,1426,487,-10,0,77,-633,140,0,617,-329,-9,0,0
District of Columbia ,2005,-191,0,-692,0,-1124,-286,-1241,357,0,-817,-101,0,-29,1226,-196,0,0,-204,96,-184,-11111,1937,-260,210,-142,-31,0,186,-752,66,153,212,848,1590,0,-237,-4,-888,-652,-5,169,-403,232,-787,513,-105,-558,11,389,-67,0
Florida,2005,-5082,1992,-1222,-1923,3900,-461,7344,-543,817,0,-11569,795,-785,3307,8670,575,-1627,-1846,4078,1996,11229,17532,12242,8191,1625,2054,-110,-812,-1006,5961,19994,-2541,73022,275,-433,22764,-2736,-1194,13635,5866,-2497,-200,-6823,-6043,-1853,-41,8154,-1131,80,5075,318
Georgia,2005,4335,1754,2765,96,10885,416,2928,50,101,11569,0,450,519,1488,4575,-1063,604,2005,5327,-1043,317,3705,3457,547,890,323,-59,932,1527,-505,2365,-264,23093,-1474,456,1778,-1259,700,2026,442,-3392,-70,1067,-2680,467,506,534,4060,-1619,2619,0
Hawaii,2005,711,-159,193,-315,4555,1474,-149,0,0,-795,-450,0,628,-407,-584,452,235,-193,528,-31,-483,10,630,249,430,-258,-118,314,-369,-235,1539,-675,1365,-749,51,267,-695,413,111,-218,334,-330,338,-183,903,-304,-2263,-2987,-13,-321,-58
Idaho,2005,23,915,-681,-171,10540,1042,251,-222,29,785,-519,-628,0,406,26,357,14,50,-33,-35,980,307,84,-93,81,883,1138,94,1877,0,287,397,-70,147,144,292,-840,-990,526,332,-104,-163,284,604,2124,0,-1091,452,-65,318,24
Illinois,2005,-1859,2301,-6473,-1069,2973,512,-875,-331,-1226,-3307,-1488,407,-406,0,-8393,-898,932,-817,1492,-18,-708,1593,1791,-4431,2386,-1366,-484,627,160,97,-1324,-539,-2425,-1766,170,-2516,-4,-1399,68,1827,-615,-225,-2162,-4429,-781,-174,-2851,-4789,710,-13683,-147
Indiana,2005,-1041,5,-1331,-1191,1570,-1284,116,43,196,-8670,-4575,584,-26,8393,0,411,153,-454,325,83,-92,-818,1884,-1257,51,893,40,-1079,-1042,-185,891,144,-626,-2392,-123,171,-396,-698,1745,-4,-602,211,-2549,918,-336,-177,2065,47,267,472,48
Iowa,2005,-32,105,459,418,196,727,92,0,0,-575,1063,-452,-357,898,-411,0,1395,-225,153,20,-64,120,-302,-2089,-696,-327,-290,1706,1878,1195,51,-175,-825,1419,539,-309,-747,-473,317,61,193,243,-478,130,490,214,-1056,-1858,196,2531,338
Kansas,2005,651,-700,184,135,1901,-481,81,-1,0,1627,-604,-235,-14,-932,-153,-1395,0,590,-457,0,-47,-189,446,470,299,-454,-332,-1180,449,-151,328,-263,573,907,-277,538,1443,193,-467,-59,1176,-53,1141,-4914,-568,0,-710,-1291,116,-266,710
Kentucky,2005,-951,142,157,977,1080,-532,74,-58,204,1846,-2005,193,-50,817,454,225,-590,0,1282,-297,-646,-163,313,787,921,1037,195,-950,-313,-203,482,525,-9,-274,72,3234,-537,-632,-179,0,-434,-245,-10,1851,-279,-12,-1031,250,2759,136,-37
Louisiana,2005,-1908,1438,-842,-3633,-1354,-894,137,-23,-96,-4078,-5327,-528,33,-1492,-325,-153,457,-1282,0,176,-111,54,-937,-967,-5873,-2232,-238,-244,103,-182,-1048,-14,-758,917,-481,541,-658,-218,-1405,-132,-2232,91,-6263,-56194,-163,37,-704,-617,-108,-896,-101
Maine,2005,-24,247,-36,238,2016,214,1620,0,184,-1996,1043,31,35,18,-83,-20,0,297,-176,0,-388,-886,267,23,-253,-128,29,-75,-90,302,596,60,1347,-1,0,915,-38,-405,-512,-342,75,68,39,-492,-47,5,-978,-362,52,58,0
Maryland,2005,155,242,-1241,499,1654,-742,-840,-3283,11111,-11229,-317,483,-980,708,92,64,47,646,111,388,0,345,712,1390,54,410,0,697,1,296,542,1040,6099,-4992,10,-308,-1337,-884,-8449,79,-4798,-411,-798,513,399,-48,1292,645,-883,1040,58
Massachusetts,2005,-117,494,-1564,-1327,-3521,-1431,782,-193,-1937,-17532,-3705,-10,-307,-1593,818,-120,189,163,-54,886,-345,0,1124,265,4,53,374,-497,381,-6824,-34,157,-894,-4354,666,-586,-380,786,-1896,347,-3210,29,-1082,-987,190,-569,-1995,-2618,-352,-340,-60
Michigan,2005,-1561,1305,-6288,-240,-2442,1126,-268,-517,260,-12242,-3457,-630,-84,-1791,-1884,302,-446,-313,937,-267,-712,-1124,0,-2015,18,48,-617,-543,-768,44,-2000,20,-1588,1236,-521,-1229,-1698,1457,-405,60,-129,-328,-2608,-10869,-152,105,164,-3,6,-1207,6
Minnesota,2005,365,692,-2282,-224,2626,-289,853,-89,-210,-8191,-547,-249,93,4431,1257,2089,-470,-787,967,-23,-1390,-265,2015,0,-59,-166,-125,266,-1340,-23,-1840,-581,270,-188,1123,307,647,96,373,85,79,809,1247,-782,-595,-82,-1463,-517,396,241,296
Mississippi,2005,-5263,-1143,-794,-2363,2064,-214,-55,215,142,-1625,-890,-430,-81,-2386,-51,696,-299,-921,5873,253,-54,-4,-18,59,0,611,497,69,45,563,-181,-153,1513,-378,27,188,381,-147,-27,292,190,-65,-1672,-174,-53,0,-408,-747,-287,1431,-58
Missouri,2005,-860,107,1851,-1483,3451,-130,214,-105,31,-2054,-323,258,-883,1366,-893,327,454,-1037,2232,128,-410,-53,-48,166,-611,0,138,2054,1745,83,-491,-175,-309,-922,-220,1010,1928,49,-262,169,-830,418,700,-1163,-437,291,-1920,2334,367,425,-339
Montana,2005,299,301,-587,86,3440,-476,345,40,0,110,59,118,-1138,484,-40,290,332,-195,238,-29,0,-374,617,125,-497,-138,0,125,-595,-905,-38,314,-26,45,122,-10,541,-47,620,46,489,-158,82,-255,-426,-12,213,174,-165,615,-168
Nebraska,2005,-367,-57,-1526,-555,247,-2494,310,10,-186,812,-932,-314,-94,-627,1079,-1706,1180,950,244,75,-697,497,543,-266,-69,-2054,-125,0,203,0,279,155,583,65,117,-639,-16,-473,-453,0,-185,-139,479,784,834,0,-34,-278,65,-81,-177
Nevada,2005,-555,333,-4044,-97,27836,-1677,244,87,752,1006,-1527,369,-1877,-160,1042,-1878,-449,313,-103,90,-1,-381,768,1340,-45,-1745,595,-203,0,220,522,-421,2516,1243,20,1354,-329,1312,2372,-693,-150,-101,-660,2121,-709,85,-443,-57,-62,-654,-1044
New Hampshire,2005,-434,339,-415,0,257,-1481,-377,0,-66,-5961,505,235,0,-97,185,-1195,151,203,182,-302,-296,6824,-44,23,-563,-83,905,0,-220,0,344,740,639,-1088,0,514,81,191,-444,-156,667,0,27,1159,-412,-494,361,-330,0,-49,176
New Jersey,2005,-584,791,-2772,-446,-4007,404,1209,-1423,-153,-19994,-2365,-1539,-287,1324,-891,-51,-328,-482,1048,-596,-542,34,2000,1840,181,491,38,-279,-522,-344,0,-52,37524,-9096,139,-396,-65,214,-11756,1629,-2299,56,-812,-2075,-274,-363,-2910,-1667,-578,-382,-267
New Mexico,2005,53,222,-3771,432,6479,741,462,0,-212,2541,264,675,-397,539,-144,175,263,-525,14,-60,-1040,-157,-20,581,153,175,-314,-155,421,-740,52,0,1051,850,38,1332,46,681,-124,0,-945,423,777,2681,-383,125,-97,487,303,166,-404
New York,2005,-1736,192,-3362,-199,-7511,-3357,-17080,-4169,-848,-73022,-23093,-1365,70,2425,626,825,-573,9,758,-1347,-6099,894,1588,-270,-1513,309,26,-583,-2516,-639,-37524,-1051,0,-19436,268,1075,-1058,-327,-19459,-416,-4886,-255,-2918,-6895,1231,-323,-6878,65,-509,1028,-20
North Carolina,2005,2346,275,-230,78,-1473,-2301,2557,-380,-1590,-275,1474,749,-147,1766,2392,-1419,-907,274,-917,1,4992,4354,-1236,188,378,922,-45,-65,-1243,1088,9096,-850,19436,0,27,4361,165,571,1124,1123,-2991,64,-2371,-1046,499,207,10930,-1146,-535,307,1088
North Dakota,2005,-80,-63,-605,-74,-14,-504,382,0,0,433,-456,-51,-144,-170,123,-539,277,-72,481,0,-10,-666,521,-1123,-27,220,-122,-117,-20,0,-139,-38,-268,-27,0,-342,-351,-1,-229,0,39,-329,129,509,-53,0,39,489,-33,566,-94
Ohio,2005,370,177,-2330,-155,3080,596,43,572,237,-22764,-1778,-267,-292,2516,-171,309,-538,-3234,-541,-915,308,586,1229,-307,-188,-1010,10,639,-1354,-514,396,-1332,-1075,-4361,342,0,-893,-658,3293,194,-1670,-105,-2759,-3442,1159,74,-3160,-1077,-885,635,169
Oklahoma,2005,-1470,33,681,-1925,5367,806,193,-163,4,2736,1259,695,840,4,396,747,-1443,537,658,38,1337,380,1698,-647,-381,-1928,-541,16,329,-81,65,-46,1058,-165,351,893,0,-776,766,86,-30,679,182,3406,767,-173,-413,-321,-133,-715,716
Oregon,2005,1142,676,203,634,39185,2427,174,-198,888,1194,-700,-413,990,1399,698,473,-193,632,218,405,884,-786,-1457,-96,147,-49,47,473,-1312,-191,-214,-681,327,-571,1,658,776,0,509,56,1086,-589,-484,-2153,-613,834,656,-2455,-122,-252,-913
Pennsylvania,2005,197,718,-3036,40,2165,-2911,548,-1426,652,-13635,-2026,-111,-526,-68,-1745,-317,467,179,1405,512,8449,1896,405,-373,27,262,-620,453,-2372,444,11756,124,19459,-1124,229,-3293,-766,-509,0,218,-1499,-127,-3054,-6171,1017,-440,838,-823,-1440,-1308,127
Rhode Island,2005,88,87,-156,0,142,-51,-2399,-487,5,-5866,-442,218,-332,-1827,4,-61,59,0,132,342,-79,-347,-60,-85,-292,-169,-46,0,693,156,-1629,0,416,-1123,0,-194,-86,-56,-218,0,194,0,11,-1446,-194,-90,216,237,-284,-116,98
South Carolina,2005,-172,-450,-195,-1571,1243,2,1011,10,-169,2497,3392,-334,104,615,602,-193,-1176,434,2232,-75,4798,3210,129,-79,-190,830,-489,185,150,-667,2299,945,4886,2991,-39,1670,30,-1086,1499,-194,0,147,344,573,489,2160,52,-1034,-788,497,287
South Dakota,2005,0,-70,-229,-337,-323,-471,0,0,403,200,70,330,163,225,-211,-243,53,245,-91,-68,411,-29,328,-809,65,-418,158,139,101,0,-56,-423,255,-64,329,105,-679,589,127,0,-147,0,269,996,-336,0,-133,630,202,-344,-236
Tennessee,2005,-491,428,-4015,107,8464,-890,324,-77,-232,6823,-1067,-338,-284,2162,2549,478,-1141,10,6263,-39,798,1082,2608,-1247,1672,-700,-82,-479,660,-27,812,-777,2918,2371,-129,2759,-182,484,3054,-11,-344,-269,0,5237,698,258,221,356,552,2158,416
Texas,2005,-490,1821,-5272,-10284,38747,853,598,633,787,6043,2680,183,-604,4429,-918,-130,4914,-1851,56194,492,-513,987,10869,782,174,1163,255,-784,-2121,-1159,2075,-2681,6895,1046,-509,3442,-3406,2153,6171,1446,-573,-996,-5237,0,3044,-46,225,1273,-661,1666,737
Utah,2005,-200,-741,-864,-216,6458,-257,343,-140,-513,1853,-467,-903,-2124,781,336,-490,568,279,163,47,-399,-190,152,595,53,437,426,-834,709,412,274,383,-1231,-499,53,-1159,-767,613,-1017,194,-489,336,-698,-3044,0,740,-2949,-1438,53,498,-784
Vermont,2005,-163,15,-223,0,-366,295,-80,0,105,41,-506,304,0,174,177,-214,0,12,-37,-5,48,569,-105,82,0,-291,12,0,-85,494,363,-125,323,-207,0,-74,173,-834,440,90,-2160,0,-258,46,-740,0,-884,66,98,-169,19
Virginia,2005,-422,1293,-1945,-968,285,338,1924,-617,558,-8154,-534,2263,1091,2851,-2065,1056,710,1031,704,978,-1292,1995,-164,1463,408,1920,-213,34,443,-361,2910,97,6878,-10930,-39,3160,413,-656,-838,-216,-52,133,-221,-225,2949,884,0,899,2062,-445,-252
Washington,2005,-1140,1445,1790,-381,17993,2814,318,329,-11,1131,-4060,2987,-452,4789,-47,1858,1291,-250,617,362,-645,2618,3,517,747,-2334,-174,278,57,330,1667,-487,-65,1146,-489,1077,321,2455,823,-237,1034,-630,-356,-1273,1438,-66,-899,0,398,-214,-339
West Virginia,2005,-85,1164,-128,-3,40,-352,-140,9,-389,-80,1619,13,65,-710,-267,-196,-116,-2759,108,-52,883,352,-6,-396,287,-367,165,-65,62,0,578,-303,509,535,33,885,133,122,1440,284,788,-202,-552,661,-53,-98,-2062,-398,0,34,8
Wisconsin,2005,1972,-629,-5601,-550,2785,-699,472,0,67,-5075,-2619,321,-318,13683,-472,-2531,266,-136,896,-58,-1040,340,1207,-241,-1431,-425,-615,81,654,49,382,-166,-1028,-307,-566,-635,715,252,1308,116,-497,344,-2158,-1666,-498,169,445,214,-34,0,501
Wyoming,2005,-168,-76,-229,137,1928,-1567,0,0,0,-318,0,58,-24,147,-48,-338,-710,37,101,0,-58,60,-6,-296,58,339,168,177,1044,-176,267,404,20,-1088,94,-169,-716,913,-127,-98,-287,236,-416,-737,784,-19,252,339,-8,-501,0
Alabama,2006,0,-359,-501,-867,1851,-127,-283,392,245,6243,6273,20,-117,3380,1627,153,-557,-596,7453,224,-747,33,1947,84,5401,165,-588,-58,-79,25,377,-896,2920,1429,249,2701,1244,71,-133,-98,-3100,53,803,-279,664,334,-1063,982,-839,-290,379
Alaska,2006,359,0,-2525,-248,-3023,-853,498,0,-288,-4055,-630,-1716,-333,-1393,317,268,-119,54,180,-101,-66,-791,-1017,-25,319,-913,448,573,-325,-426,-226,-1052,-1704,-31,-147,-189,-1063,1155,-1047,100,-1256,-116,-374,-2548,878,0,-2791,689,-780,439,163
Arizona,2006,501,2525,0,-3049,53582,-6684,1130,534,127,1637,-1940,1122,1490,3420,1103,3333,19,1695,2374,1266,1259,420,7820,2874,409,-1470,742,753,3877,757,1329,410,3367,-430,58,3330,-1795,-854,3218,14,-461,1607,-1311,-1511,232,-139,294,1895,36,2036,526
Arkansas,2006,867,248,3049,0,5432,873,50,-116,150,434,-1264,853,167,505,-335,214,-465,679,5730,-38,225,448,648,1672,259,2698,130,189,-128,-113,1435,1158,1215,-152,88,446,521,66,-518,0,745,-190,3264,297,278,87,96,163,709,-1814,-314
California,2006,-1851,3023,-53582,-5432,0,-18918,2869,1014,-628,-462,-11278,-38,-7051,9827,-402,-4384,-3132,-3752,5275,1165,-54,2241,1070,-4350,1913,-6644,-1586,-2666,-30956,-584,933,-3381,8577,-6712,474,2067,-922,-25921,958,-160,-670,-1169,-4252,-32545,-15268,1104,-4087,-18929,-492,5848,539
Colorado,2006,127,853,6684,-873,18918,0,15,185,243,1052,-411,97,-2100,827,156,554,-2085,-1708,1138,315,362,1240,719,1087,753,-1074,72,468,-4281,151,757,1140,1547,1078,-695,2856,1052,-291,1908,394,-337,-1057,-894,-1920,1229,-449,1231,152,-37,132,169
Connecticut,2006,283,-498,-1130,-50,-2869,-15,0,-429,-749,-6990,-4281,-307,-58,-1164,-731,-135,111,-66,-778,-2151,-2320,-1229,199,-766,-149,209,-260,487,-891,-1631,2193,-19,8399,-2464,-54,957,-178,172,-1283,987,-741,16,-220,998,57,-601,-2236,-946,-247,-430,-33
Delaware,2006,-392,0,-534,116,-1014,-185,429,0,-2451,-72,-1102,0,0,111,211,-17,-779,61,-330,283,2443,197,115,-37,362,239,-400,-23,-130,87,2915,-113,-203,171,0,-1851,-11,54,1648,332,-226,0,116,69,70,0,-100,95,-132,0,0
District of Columbia ,2006,-245,288,-127,-150,628,-243,749,2451,0,-448,-939,-139,-96,200,627,52,263,362,-257,113,-11444,-275,567,-19,291,-210,-60,-178,-111,170,-357,-188,889,-1346,0,507,154,-590,1073,107,-419,0,-338,1006,201,-398,-4081,327,-122,-46,-98
Florida,2006,-6243,4055,-1637,-434,462,-1052,6990,72,448,0,-40503,1818,-70,8917,2985,335,-16,-1919,11142,1031,6375,17503,17245,-29,9074,-337,-1133,-794,-596,-1010,26327,-1600,56767,-17197,-114,-1593,-1881,-1593,2170,831,-7614,179,-16127,-9164,-561,122,1337,-1990,144,2839,-301
Georgia,2006,-6273,630,1940,1264,11278,411,4281,1102,939,40503,0,-1130,346,9822,2938,2065,-1268,-743,15028,1269,2934,2908,1449,1517,2254,1304,867,645,371,573,6088,-1020,19505,1026,30,1478,1790,-881,4432,414,-1224,389,869,-508,-55,96,5260,692,1952,2279,365
Hawaii,2006,-20,1716,-1122,-853,38,-97,307,0,139,-1818,1130,0,-786,387,-208,83,259,-154,-692,328,-1168,190,-306,14,73,-812,-397,-178,-2482,440,265,121,1414,-1022,-107,568,-66,-1782,1714,162,-1169,-137,432,-3778,-821,-50,-57,-1491,-49,233,101
Idaho,2006,117,333,-1490,-167,7051,2100,58,0,96,70,-346,786,0,-1462,-277,2088,539,117,-220,83,-45,-186,-20,655,483,250,2247,-851,468,471,-643,-75,176,-1354,-101,315,154,2940,411,6,-425,777,-182,2987,-3116,-18,141,892,40,255,827
Illinois,2006,-3380,1393,-3420,-505,-9827,-827,1164,-111,-200,-8917,-9822,-387,1462,0,-13278,-4711,851,-1460,1483,258,281,-1903,2117,-4778,-705,-1257,-469,390,-1594,-16,418,-1438,413,-2465,88,-1164,-1174,310,1009,146,-1480,-275,-173,-9701,-907,511,-6582,-2467,-14,-4050,-360
Indiana,2006,-1627,-317,-1103,335,402,-156,731,-211,-627,-2985,-2938,208,277,13278,0,-1183,-113,-692,1617,-351,211,-725,6736,-1609,-464,2205,147,253,-1369,-1,131,61,1548,-102,139,2641,-184,130,-838,-346,-1541,-237,-2321,-2060,1787,62,-1179,-131,601,2225,-287
Iowa,2006,-153,-268,-3333,-214,4384,-554,135,17,-52,-335,-2065,-83,-2088,4711,1183,0,560,-1235,-101,179,392,-372,1058,2051,524,-409,-220,2204,-182,47,-770,529,290,76,149,861,-1156,1288,-214,-75,-274,-430,-348,1362,729,0,915,-34,133,1176,432
Kansas,2006,557,119,-19,465,3132,2085,-111,779,-263,16,1268,-259,-539,-851,113,-560,0,711,1251,134,273,277,-1392,-90,325,8851,570,-679,111,-12,895,870,1915,1268,25,1563,-2300,59,130,-225,799,721,890,-2281,1165,22,68,-1568,138,-17,253
Kentucky,2006,596,-54,-1695,-679,3752,1708,66,-61,-362,1919,743,154,-117,1460,692,1235,-711,0,-237,461,2020,352,1368,292,526,2145,-26,-156,417,57,-25,-633,1782,2380,-175,1001,239,-382,243,100,-910,-181,1660,901,-642,73,568,284,630,55,78
Louisiana,2006,-7453,-180,-2374,-5730,-5275,-1138,778,330,257,-11142,-15028,692,220,-1483,-1617,101,-1251,237,0,-250,-1711,-1327,297,-1610,-8076,-2302,65,-266,-893,-627,-841,-307,-634,-4041,-96,-2294,-1667,-1085,-116,-249,-598,-402,-5671,-88075,-774,0,-4651,-2239,-357,-791,155
Maine,2006,-224,101,-1266,38,-1165,-315,2151,-283,-113,-1031,-1269,-328,-83,-258,351,-179,-134,-461,250,0,-86,2669,486,107,84,-75,0,-22,-70,2134,738,-54,-199,-509,30,1523,14,39,-225,438,-568,41,-248,1292,-374,-1055,42,-381,95,-132,74
Maryland,2006,747,66,-1259,-225,54,-362,2320,-2443,11444,-6375,-2934,1168,45,-281,-211,-392,-273,-2020,1711,86,0,640,2553,-200,650,691,0,-235,308,1202,4906,-57,6545,-9456,-20,-773,-1967,-34,-8498,86,-1564,-2,-1242,2139,1141,-746,574,-1013,-2423,316,-379
Massachusetts,2006,-33,791,-420,-448,-2241,-1240,1229,-197,275,-17503,-2908,-190,186,1903,725,372,-277,-352,1327,-2669,-640,0,-178,125,39,263,-34,329,-308,-6400,791,-307,1766,-1755,60,-2463,186,27,-1301,-106,-221,54,22,-2475,-512,-660,-1262,-149,195,621,105
Michigan,2006,-1947,1017,-7820,-648,-1070,-719,-199,-115,-567,-17245,-1449,306,20,-2117,-6736,-1058,1392,-1368,-297,-486,-2553,178,0,25,-423,-1548,-68,507,-1296,95,1373,-341,1530,-3011,-546,-3176,-172,-951,-455,70,-1350,-588,181,-275,-918,400,-2306,-1992,-523,-1503,-581
Minnesota,2006,-84,25,-2874,-1672,4350,-1087,766,37,19,29,-1517,-14,-655,4778,1609,-2051,90,-292,1610,-107,200,-125,-25,0,119,720,70,-1727,1419,-128,-159,-331,556,-222,-1602,965,-763,-1995,475,392,-899,376,487,-4508,-105,206,-37,-2352,-51,-1998,-2
Mississippi,2006,-5401,-319,-409,-259,-1913,-753,149,-362,-291,-9074,-2254,-73,-483,705,464,-524,-325,-526,8076,-84,-650,-39,423,-119,0,-1046,0,-574,-219,-427,320,-253,1188,14,-552,40,-217,324,-448,156,-180,60,-654,-7633,97,-225,-284,100,-505,1331,-174
Missouri,2006,-165,913,1470,-2698,6644,1074,-209,-239,210,337,-1304,812,-250,1257,-2205,409,-8851,-2145,2302,75,-691,-263,1548,-720,1046,0,-144,1549,118,-285,1064,1098,1528,-86,-78,1597,-119,122,125,0,187,84,-692,-784,592,37,-1395,-1264,-180,473,-111
Montana,2006,588,-448,-742,-130,1586,-72,260,400,60,1133,-867,397,-2247,469,-147,220,-570,26,-65,0,0,34,68,-70,0,144,0,-93,236,-222,500,515,479,200,-361,715,-637,-549,235,0,-87,811,-361,-662,-590,80,136,2387,70,605,1400
Nebraska,2006,58,-573,-753,-189,2666,-468,-487,23,178,794,-645,178,851,-390,-253,-2204,679,156,266,22,235,-329,-507,1727,574,-1549,93,0,-208,0,-367,-757,311,-152,339,-165,-1318,-290,-347,95,-248,-327,451,-1090,241,0,-580,-137,377,336,577
Nevada,2006,79,325,-3877,128,30956,4281,891,130,111,596,-371,2482,-468,1594,1369,182,-111,-417,893,70,-308,308,1296,-1419,219,-118,-236,208,0,19,1503,638,1285,-411,32,1576,-945,-2824,589,36,-480,-75,-1067,-734,1284,263,1198,25,-229,791,12
New Hampshire,2006,-25,426,-757,113,584,-151,1631,-87,-170,1010,-573,-440,-471,16,1,-47,12,-57,627,-2134,-1202,6400,-95,128,427,285,222,0,-19,0,-230,-109,-228,-676,0,-339,-127,-459,22,-984,-1008,563,-172,-437,29,-458,-597,1007,-153,-122,335
New Jersey,2006,-377,226,-1329,-1435,-933,-757,-2193,-2915,357,-26327,-6088,-265,643,-418,-131,770,-895,25,841,-738,-4906,-791,-1373,159,-320,-1064,-500,367,-1503,230,0,-421,17679,-12295,99,-3572,250,-91,-18747,-958,-5327,-113,-421,-7609,-243,-221,-4035,-832,-835,-332,84
New Mexico,2006,896,1052,-410,-1158,3381,-1140,19,113,188,1600,1020,-121,75,1438,-61,-529,-870,633,307,54,57,307,341,331,253,-1098,-515,757,-638,109,421,0,245,-1185,1320,224,-990,-422,433,0,125,33,-261,-1839,1176,274,52,876,142,121,-384
New York,2006,-2920,1704,-3367,-1215,-8577,-1547,-8399,203,-889,-56767,-19505,-1414,-176,-413,-1548,-290,-1915,-1782,634,199,-6545,-1766,-1530,-556,-1188,-1528,-479,-311,-1285,228,-17679,-245,0,-34169,-410,-1901,-968,-1027,-21262,-3355,-6062,67,-978,-10144,-917,-460,-6681,-4289,-750,-907,198
North Carolina,2006,-1429,31,430,152,6712,-1078,2464,-171,1346,17197,-1026,1022,1354,2465,102,-76,-1268,-2380,4041,509,9456,1755,3011,222,-14,86,-200,152,411,676,12295,1185,34169,0,827,2056,1281,910,9915,870,2189,208,-2943,1999,1092,744,6618,-504,1865,1358,592
North Dakota,2006,-249,147,-58,-88,-474,695,54,0,0,114,-30,107,101,-88,-139,-149,-25,175,96,-30,20,-60,546,1602,552,78,361,-339,-32,0,-99,-1320,410,-827,0,-436,368,279,585,0,-22,-539,589,186,-208,0,116,-713,0,-397,246
Ohio,2006,-2701,189,-3330,-446,-2067,-2856,-957,1851,-507,1593,-1478,-568,-315,1164,-2641,-861,-1563,-1001,2294,-1523,773,2463,3176,-965,-40,-1597,-715,165,-1576,339,3572,-224,1901,-2056,436,0,-325,-1930,-2127,110,-363,-492,-1935,-7938,1135,-200,-2650,-2456,-3091,-799,-413
Oklahoma,2006,-1244,1063,1795,-521,922,-1052,178,11,-154,1881,-1790,66,-154,1174,184,1156,2300,-239,1667,-14,1967,-186,172,763,217,119,637,1318,945,127,-250,990,968,-1281,-368,325,0,-657,74,0,-1360,-62,553,964,75,-124,-481,57,-304,101,267
Oregon,2006,-71,-1155,854,-66,25921,291,-172,-54,590,1593,881,1782,-2940,-310,-130,-1288,-59,382,1085,-39,34,-27,951,1995,-324,-122,549,290,2824,459,91,422,1027,-910,-279,1930,657,0,1152,7,94,-847,-61,1057,-272,135,-674,-4675,-166,723,82
Pennsylvania,2006,133,1047,-3218,518,-958,-1908,1283,-1648,-1073,-2170,-4432,-1714,-411,-1009,838,214,-130,-243,116,225,8498,1301,455,-475,448,-125,-235,347,-589,-22,18747,-433,21262,-9915,-585,2127,-74,-1152,0,172,-1958,121,-959,846,-622,368,-2901,1291,-1089,500,-268
Rhode Island,2006,98,-100,-14,0,160,-394,-987,-332,-107,-831,-414,-162,-6,-146,346,75,225,-100,249,-438,-86,106,-70,-392,-156,0,0,-95,-36,984,958,0,3355,-870,0,-110,0,-7,-172,0,-1222,0,-122,80,33,-79,-1091,-222,0,-297,0
South Carolina,2006,3100,1256,461,-745,670,337,741,226,419,7614,1224,1169,425,1480,1541,274,-799,910,598,568,1564,221,1350,899,180,-187,87,248,480,1008,5327,-125,6062,-2189,22,363,1360,-94,1958,1222,0,61,3601,-558,-1067,-68,-1310,-213,350,958,-920
South Dakota,2006,-53,116,-1607,190,1169,1057,-16,0,0,-179,-389,137,-777,275,237,430,-721,181,402,-41,2,-54,588,-376,-60,-84,-811,327,75,-563,113,-33,-67,-208,539,492,62,847,-121,0,-61,0,-30,-1128,70,0,-176,-231,0,-138,-102
Tennessee,2006,-803,374,1311,-3264,4252,894,220,-116,338,16127,-869,-432,182,173,2321,348,-890,-1660,5671,248,1242,-22,-181,-487,654,692,361,-451,1067,172,421,261,978,2943,-589,1935,-553,61,959,122,-3601,30,0,5016,-745,-75,-1834,1026,-326,213,-114
Texas,2006,279,2548,1511,-297,32545,1920,-998,-69,-1006,9164,508,3778,-2987,9701,2060,-1362,2281,-901,88075,-1292,-2139,2475,275,4508,7633,784,662,1090,734,437,7609,1839,10144,-1999,-186,7938,-964,-1057,-846,-80,558,1128,-5016,0,-3207,-509,-1963,-4525,244,387,-312
Utah,2006,-664,-878,-232,-278,15268,-1229,-57,-70,-201,561,55,821,3116,907,-1787,-729,-1165,642,774,374,-1141,512,918,105,-97,-592,590,-241,-1284,-29,243,-1176,917,-1092,208,-1135,-75,272,622,-33,1067,-70,745,3207,0,546,713,-708,31,31,1026
Vermont,2006,-334,0,139,-87,-1104,449,601,0,398,-122,-96,50,18,-511,-62,0,-22,-73,0,1055,746,660,-400,-206,225,-37,-80,0,-263,458,221,-274,460,-744,0,200,124,-135,-368,79,68,0,75,509,-546,0,801,-19,-29,186,51
Virginia,2006,1063,2791,-294,-96,4087,-1231,2236,100,4081,-1337,-5260,57,-141,6582,1179,-915,-68,-568,4651,-42,-574,1262,2306,37,284,1395,-136,580,-1198,597,4035,-52,6681,-6618,-116,2650,481,674,2901,1091,1310,176,1834,1963,-713,-801,0,-1370,-1727,-782,-89
Washington,2006,-982,-689,-1895,-163,18929,-152,946,-95,-327,1990,-692,1491,-892,2467,131,34,1568,-284,2239,381,1013,149,1992,2352,-100,1264,-2387,137,-25,-1007,832,-876,4289,504,713,2456,-57,4675,-1291,222,213,231,-1026,4525,708,19,1370,0,-724,-119,-377
West Virginia,2006,839,780,-36,-709,492,37,247,132,122,-144,-1952,49,-40,14,-601,-133,-138,-630,357,-95,2423,-195,523,51,505,180,-70,-377,229,153,835,-142,750,-1865,0,3091,304,166,1089,0,-350,0,326,-244,-31,29,1727,724,0,43,0
Wisconsin,2006,290,-439,-2036,1814,-5848,-132,430,0,46,-2839,-2279,-233,-255,4050,-2225,-1176,17,-55,791,132,-316,-621,1503,1998,-1331,-473,-605,-336,-791,122,332,-121,907,-1358,397,799,-101,-723,-500,297,-958,138,-213,-387,-31,-186,782,119,-43,0,-924
Wyoming,2006,-379,-163,-526,314,-539,-169,33,0,98,301,-365,-101,-827,360,287,-432,-253,-78,-155,-74,379,-105,581,2,174,111,-1400,-577,-12,-335,-84,384,-198,-592,-246,413,-267,-82,268,0,920,102,114,312,-1026,-51,89,377,0,924,0
Alabama,2007,0,102,-673,-485,2116,-977,309,-185,-453,5145,8520,-235,-30,-209,2299,-268,-620,982,-464,-164,451,254,2256,224,63,-520,-181,290,-614,37,2098,313,3644,1051,0,1315,118,-738,1130,139,-489,-135,-1985,915,-693,-57,102,534,46,288,265
Alaska,2007,-102,0,326,-24,-1523,-134,-80,-60,0,-5265,-424,531,-525,-379,48,-507,137,-205,43,-419,789,-1164,-1162,-793,99,-98,-727,-6,-270,0,-62,72,-2771,-575,160,-797,-1177,-1289,-513,-158,353,-18,927,-3779,-734,-36,-1656,-2573,-507,428,-47
Arizona,2007,673,-326,0,502,32055,-197,325,47,317,1821,-225,841,-2791,5600,2332,-129,1443,-293,649,195,23,3801,8661,5034,-657,2727,257,-1657,3413,78,3788,-681,2810,190,603,3470,-1363,127,-635,31,400,-285,-333,-2112,74,99,161,1613,450,1477,-1004
Arkansas,2007,485,24,-502,0,3041,-1113,289,0,-502,1040,-1262,144,183,-2045,609,-458,-510,-112,870,0,775,115,694,-38,-6,-1294,-387,-126,1713,1091,117,1028,588,-1259,-3,544,-1699,-175,-2089,0,281,-133,1441,1599,1343,-110,-1252,891,222,1083,333
California,2007,-2116,1523,-32055,-3041,0,-5626,2554,110,-2325,7891,-7955,3792,-5094,10046,-228,-1527,-2942,-1725,-2571,-1788,2173,2492,6774,3868,1783,-4544,-2900,-1405,-23759,-310,4512,-3787,3411,-3343,-1098,-1915,-11493,-18896,522,369,-4308,-857,-3249,-41919,-9827,-1308,-2471,-18912,-721,488,-1797
Colorado,2007,977,134,197,1113,5626,0,2114,-272,76,-2372,740,1187,-1565,1857,449,-428,2092,171,1381,459,2100,1969,-1038,-995,-1098,2185,-518,1615,987,148,1219,-823,543,-586,-342,2711,-1697,2071,748,1295,-910,152,-761,5041,-537,-92,-1817,-3774,-160,1542,-1156
Connecticut,2007,-309,80,-325,-289,-2554,-2114,0,-391,-999,-5959,-2728,85,265,599,375,508,-97,-1353,31,-123,1293,-2273,-1925,75,-232,-1104,-127,17,258,-1709,1911,0,11598,-2039,65,-130,71,-249,-2616,-469,-2191,13,-195,-745,297,-728,-2805,-762,-213,-261,0
Delaware,2007,185,60,-47,0,-110,272,391,0,-301,156,-1019,0,0,-276,96,-72,237,-333,171,-122,-899,1005,743,79,406,-62,0,0,507,20,4967,128,3142,-1733,0,-30,210,-55,2556,188,-136,0,-444,1026,-83,16,-129,-204,-242,-210,50
District of Columbia ,2007,453,0,-317,502,2325,-76,999,301,0,986,-1423,-100,47,-140,-325,-192,-87,-113,-34,18,-6672,687,381,-102,-1008,-281,100,102,-79,-188,677,-11,-1526,-3299,0,633,-48,131,753,38,-2126,0,-513,62,-69,114,-2774,-442,-85,73,-66
Florida,2007,-5145,5265,-1821,-1040,-7891,2372,5959,-156,-986,0,-45346,-636,-1044,3523,3415,-1070,-1207,-1033,-1947,3039,2364,13295,9986,-344,850,-3361,270,-21,-1215,-60,11780,-1826,28361,-29705,-155,7321,43,496,12104,827,-10296,-374,-16449,-13740,-3485,-214,-891,-848,404,2041,271
Georgia,2007,-8520,424,225,1262,7955,-740,2728,1019,1423,45346,0,736,-30,-651,2531,-317,-43,-1351,2310,-484,806,1788,2623,-2111,-176,-418,-445,-114,-197,-92,6036,889,15665,-2829,-229,754,-653,824,3121,-9,-2572,-424,-4297,1031,1444,242,2015,-2132,428,896,67
Hawaii,2007,235,-531,-841,-144,-3792,-1187,-85,0,100,636,-736,0,-617,39,-186,-569,445,-1477,-408,-190,-606,-417,709,636,-79,-436,335,-537,-237,3,-101,-97,673,-1461,-41,775,-211,1070,-542,207,-1068,-51,-70,-1319,-426,244,-1418,-681,25,137,-203
Idaho,2007,30,525,2791,-183,5094,1565,-265,0,-47,1044,30,617,0,773,234,203,403,216,-206,-48,148,133,276,1368,-150,205,-473,-310,1812,133,76,1081,-587,116,242,513,400,-2260,250,153,-291,149,-26,721,-1564,-86,-973,2465,238,192,758
Illinois,2007,209,379,-5600,2045,-10046,-1857,-599,276,140,-3523,651,-39,-773,0,-14770,-4265,-934,-378,-337,-169,-1118,589,3425,-2125,-534,-5368,-5,492,-1997,-477,1474,-466,912,618,-65,-3705,-624,-373,1146,1223,-2933,468,-2154,-8378,-233,-463,-1072,-223,-199,-3483,-265
Indiana,2007,-2299,-48,-2332,-609,228,-449,-375,-96,325,-3415,-2531,186,-234,14770,0,-1545,663,-1909,-791,-310,503,-1066,2510,-205,-624,963,-120,-150,269,78,162,345,1157,-2338,-51,492,-1834,-395,-437,368,-187,96,510,-4551,-529,0,1254,-131,178,2565,730
Iowa,2007,268,507,129,458,1527,428,-508,72,192,1070,317,569,-203,4265,1545,0,-1150,-43,256,0,613,114,1377,1453,915,-566,134,-246,-800,-205,-53,79,376,461,370,-219,478,645,127,-81,-600,-528,498,-2282,-791,136,192,-1365,412,1668,94
Kansas,2007,620,-137,-1443,510,2942,-2092,97,-237,87,1207,43,-445,-403,934,-663,1150,0,1613,-928,-38,224,458,-430,-138,-605,-2382,-43,-279,1354,-83,-633,1181,-260,-2220,-68,65,-343,-1384,-217,98,-222,-93,500,-2264,-988,113,175,-128,-253,-522,519
Kentucky,2007,-982,205,293,112,1725,-171,1353,333,113,1033,1351,1477,-216,378,1909,43,-1613,0,-656,267,-203,177,3252,-2635,41,2824,-497,755,587,115,216,564,568,1011,238,4843,2165,214,-1688,-214,-803,-60,993,277,-764,385,43,-335,-915,2058,-402
Louisiana,2007,464,-43,-649,-870,2571,-1381,-31,-171,34,1947,-2310,408,206,337,791,-256,928,656,0,-267,61,1024,-246,846,4229,191,-17,-141,892,0,-244,-62,-63,-1731,219,759,448,580,-453,-253,-104,-260,-723,471,249,-66,2025,317,-160,530,-122
Maine,2007,164,419,-195,0,1788,-459,123,122,-18,-3039,484,190,48,169,310,0,38,-267,267,0,-430,759,339,63,-113,-362,302,426,-13,-239,295,-414,-453,-975,0,418,-107,-267,-1102,689,-79,0,-197,-706,-284,-57,1021,286,396,436,-416
Maryland,2007,-451,-789,-23,-775,-2173,-2100,-1293,899,6672,-2364,-806,606,-148,1118,-503,-613,-224,203,-61,430,0,-713,113,284,78,677,-158,-50,-965,-63,781,-429,-690,-8148,185,-514,-627,3,-6481,-119,-4008,55,-1035,-3397,651,-133,-9991,-110,-4438,-609,-93
Massachusetts,2007,-254,1164,-3801,-115,-2492,-1969,2273,-1005,-687,-13295,-1788,417,-133,-589,1066,-114,-458,-177,-1024,-759,713,0,-1196,-655,517,204,-9,42,-265,-6746,2145,-189,3461,-3524,-44,227,-569,-1539,-14,-417,-2310,392,-1311,-2404,-95,-1771,-2965,71,22,-120,-140
Michigan,2007,-2256,1162,-8661,-694,-6774,1038,1925,-743,-381,-9986,-2623,-709,-276,-3425,-2510,-1377,430,-3252,246,-339,-113,1196,0,58,-2021,-77,-205,-385,-5133,-26,35,575,722,-8387,600,-1070,287,-1852,-1327,-215,-3389,-56,-2347,-8956,-359,374,-1089,-1911,-613,-3335,-207
Minnesota,2007,-224,793,-5034,38,-3868,995,-75,-79,102,344,2111,-636,-1368,2125,205,-1453,138,2635,-846,-63,-284,655,-58,0,665,279,430,127,-747,0,28,-744,338,-1210,-1626,-621,84,-63,-980,-1,-89,1163,291,-5468,-314,168,-887,4,9,771,-8
Mississippi,2007,-63,-99,657,6,-1783,1098,232,-406,1008,-850,176,79,150,534,624,-915,605,-41,-4229,113,-78,-517,2021,-665,0,-265,-191,-648,-119,131,121,-305,1451,571,-44,-238,-608,251,112,0,-1336,-341,3159,-1736,-1075,55,-24,-651,441,-287,-822
Missouri,2007,520,98,-2727,1294,4544,-2185,1104,62,281,3361,418,436,-205,5368,-963,566,2382,-2824,-191,362,-677,-204,77,-279,265,0,-636,-288,-221,-274,1297,254,1733,-405,-21,138,-1955,-168,1174,-39,-985,150,2004,-4173,478,168,2454,286,-696,-492,111
Montana,2007,181,727,-257,387,2900,518,127,0,-100,-270,445,-335,473,5,120,-134,43,497,17,-302,158,9,205,-430,191,636,0,-299,646,118,579,228,242,-540,785,346,-555,-361,-5,130,-160,120,612,-399,-704,-140,-237,-672,0,317,122
Nebraska,2007,-290,6,1657,126,1405,-1615,-17,0,-102,21,114,537,310,-492,150,246,279,-755,141,-426,50,-42,385,-127,648,288,299,0,285,140,-88,-87,-1009,-238,-314,-621,767,353,-1778,337,-158,-1368,92,-1124,-654,43,-998,601,59,1096,114
Nevada,2007,614,270,-3413,-1713,23759,-987,-258,-507,79,1215,197,237,-1812,1997,-269,800,-1354,-587,-892,13,965,265,5133,747,119,221,-646,-285,0,-179,385,-73,2529,-167,-210,687,-415,-539,-455,12,-1074,-617,98,893,-4099,0,-937,-2534,-97,-52,198
New Hampshire,2007,-37,0,-78,-1091,310,-148,1709,-20,188,60,92,-3,-133,477,-78,205,83,-115,0,239,63,6746,26,0,-131,274,-118,-140,179,0,-296,-155,-753,-1877,0,36,0,88,-572,122,-351,21,-251,-1965,-15,1505,875,-32,-59,-326,0
New Jersey,2007,-2098,62,-3788,-117,-4512,-1219,-1911,-4967,-677,-11780,-6036,101,-76,-1474,-162,53,633,-216,244,-295,-781,-2145,-35,-28,-121,-1297,-579,88,-385,296,0,-301,19306,-9032,-26,-1230,-115,-304,-16476,-2213,-4437,120,-1208,-5263,-530,-100,-3278,1143,-745,-62,0
New Mexico,2007,-313,-72,681,-1028,3787,823,0,-128,11,1826,-889,97,-1081,466,-345,-79,-1181,-564,62,414,429,189,-575,744,305,-254,-228,87,73,155,301,0,-555,342,133,394,-2969,-536,897,-127,242,-983,-177,-2984,63,-229,-55,-432,-153,391,-335
New York,2007,-3644,2771,-2810,-588,-3411,-543,-11598,-3142,1526,-28361,-15665,-673,587,-912,-1157,-376,260,-568,63,453,690,-3461,-722,-338,-1451,-1733,-242,1009,-2529,753,-19306,555,0,-17738,-202,-256,-1137,610,-24878,-2416,-6858,-103,-2819,-11143,-962,1412,-8965,-469,-901,176,-205
North Carolina,2007,-1051,575,-190,1259,3343,586,2039,1733,3299,29705,2829,1461,-116,-618,2338,-461,2220,-1011,1731,975,8148,3524,8387,1210,-571,405,540,238,167,1877,9032,-342,17738,0,503,6618,-587,626,6164,523,-5956,-841,-903,538,1057,1156,8583,-675,2133,131,-364
North Dakota,2007,0,-160,-603,3,1098,342,-65,0,0,155,229,41,-242,65,51,-370,68,-238,-219,0,-185,44,-600,1626,44,21,-785,314,210,0,26,-133,202,-503,0,-574,-159,151,-225,0,-66,385,82,1048,173,-16,307,57,-83,-63,-111
Ohio,2007,-1315,797,-3470,-544,1915,-2711,130,30,-633,-7321,-754,-775,-513,3705,-492,219,-65,-4843,-759,-418,514,-227,1070,621,238,-138,-346,621,-687,-36,1230,-394,256,-6618,574,0,-1875,1162,2479,-560,-1775,-334,-46,-2958,-1545,671,-595,-488,-465,1312,83
Oklahoma,2007,-118,1177,1363,1699,11493,1697,-71,-210,48,-43,653,211,-400,624,1834,-478,343,-2165,-448,107,627,569,-287,-84,608,1955,555,-767,415,0,115,2969,1137,587,159,1875,0,-626,677,0,126,275,344,-137,840,375,253,649,-33,384,-123
Oregon,2007,738,1289,-127,175,18896,-2071,249,55,-131,-496,-824,-1070,2260,373,395,-645,1384,-214,-580,267,-3,1539,1852,63,-251,168,361,-353,539,-88,304,536,-610,-626,-151,-1162,626,0,1063,18,-1636,28,1241,-1401,178,79,1336,-5705,-93,-98,675
Pennsylvania,2007,-1130,513,635,2089,-522,-748,2616,-2556,-753,-12104,-3121,542,-250,-1146,437,-127,217,1688,453,1102,6481,14,1327,980,-112,-1174,5,1778,455,572,16476,-897,24878,-6164,225,-2479,-677,-1063,0,-265,-894,50,-836,-1996,141,-857,-3901,-1291,261,-802,339
Rhode Island,2007,-139,158,-31,0,-369,-1295,469,-188,-38,-827,9,-207,-153,-1223,-368,81,-98,214,253,-689,119,417,215,1,0,39,-130,-337,-12,-122,2213,127,2416,-523,0,560,0,-18,265,0,334,11,-111,-1471,-126,336,-264,-1439,-413,-9,0
South Carolina,2007,489,-353,-400,-281,4308,910,2191,136,2126,10296,2572,1068,291,2933,187,600,222,803,104,79,4008,2310,3389,89,1336,985,160,158,1074,351,4437,-242,6858,5956,66,1775,-126,1636,894,-334,0,517,1681,3208,85,-8,1544,-131,1491,626,232
South Dakota,2007,135,18,285,133,857,-152,-13,0,0,374,424,51,-149,-468,-96,528,93,60,260,0,-55,-392,56,-1163,341,-150,-120,1368,617,-21,-120,983,103,841,-385,334,-275,-28,-50,-11,-517,0,-192,-911,-99,0,8,519,0,592,333
Tennessee,2007,1985,-927,333,-1441,3249,761,195,444,513,16449,4297,70,26,2154,-510,-498,-500,-993,723,197,1035,1311,2347,-291,-3159,-2004,-612,-92,-98,251,1208,177,2819,903,-82,46,-344,-1241,836,111,-1681,192,0,-1493,-1183,483,-1983,-66,-474,1182,-562
Texas,2007,-915,3779,2112,-1599,41919,-5041,745,-1026,-62,13740,-1031,1319,-721,8378,4551,2282,2264,-277,-471,706,3397,2404,8956,5468,1736,4173,399,1124,-893,1965,5263,2984,11143,-538,-1048,2958,137,1401,1996,1471,-3208,911,1493,0,-656,-224,1637,1819,-172,3483,1380
Utah,2007,693,734,-74,-1343,9827,537,-297,83,69,3485,-1444,426,1564,233,529,791,988,764,-249,284,-651,95,359,314,1075,-478,704,654,4099,15,530,-63,962,-1057,-173,1545,-840,-178,-141,126,-85,99,1183,656,0,209,-158,3853,592,1219,-879
Vermont,2007,57,36,-99,110,1308,92,728,-16,-114,214,-242,-244,86,463,0,-136,-113,-385,66,57,133,1771,-374,-168,-55,-168,140,-43,0,-1505,100,229,-1412,-1156,16,-671,-375,-79,857,-336,8,0,-483,224,-209,0,-88,-68,-219,14,84
Virginia,2007,-102,1656,-161,1252,2471,1817,2805,129,2774,891,-2015,1418,973,1072,-1254,-192,-175,-43,-2025,-1021,9991,2965,1089,887,24,-2454,237,998,937,-875,3278,55,8965,-8583,-307,595,-253,-1336,3901,264,-1544,-8,1983,-1637,158,88,0,-610,-1894,-1748,484
Washington,2007,-534,2573,-1613,-891,18912,3774,762,204,442,848,2132,681,-2465,223,131,1365,128,335,-317,-286,110,-71,1911,-4,651,-286,672,-601,2534,32,-1143,432,469,675,-57,488,-649,5705,1291,1439,131,-519,66,-1819,-3853,68,610,0,-322,2450,-831
West Virginia,2007,-46,507,-450,-222,721,160,213,242,85,-404,-428,-25,-238,199,-178,-412,253,915,160,-396,4438,-22,613,-9,-441,696,0,-59,97,59,745,153,901,-2133,83,465,33,93,-261,413,-1491,0,474,172,-592,219,1894,322,0,21,0
Wisconsin,2007,-288,-428,-1477,-1083,-488,-1542,261,210,-73,-2041,-896,-137,-192,3483,-2565,-1668,522,-2058,-530,-436,609,120,3335,-771,287,492,-317,-1096,52,326,62,-391,-176,-131,63,-1312,-384,98,802,9,-626,-592,-1182,-3483,-1219,-14,1748,-2450,-21,0,643
Wyoming,2007,-265,47,1004,-333,1797,1156,0,-50,66,-271,-67,203,-758,265,-730,-94,-519,402,122,416,93,140,207,8,822,-111,-122,-114,-198,0,0,335,205,364,111,-83,123,-675,-339,0,-232,-333,562,-1380,879,-84,-484,831,0,-643,0
Alabama,2008,0,1520,-132,-668,2094,-276,291,1539,-103,7002,1538,478,11,460,1958,-66,-1152,536,2198,-381,-927,-506,2122,137,1784,401,192,129,-1469,76,281,241,2319,-2130,0,23,-528,-676,704,0,135,-267,1928,57,222,0,-1227,-95,-163,967,-368
Alaska,2008,-1520,0,-1079,237,-954,-2046,-1844,-122,-62,-9384,-1843,371,-220,-1237,-237,-345,-247,-223,140,-71,-1791,-509,-1129,38,-156,84,-528,-539,-444,-750,-2066,66,-2466,-709,152,-2213,21,72,100,-119,700,222,-1783,-5420,-1628,-252,-4,-1529,-778,-1248,123
Arizona,2008,132,1079,0,-1583,13147,-2251,228,333,-274,5765,-924,-473,989,2360,-219,668,-1949,2196,117,475,-4,2081,6723,7262,14,2045,454,477,2688,-1280,-1033,-3542,4965,2504,1204,5132,-1712,4476,3400,1026,588,39,946,-4125,-4222,18,-925,1882,297,1464,977
Arkansas,2008,668,-237,1583,0,1947,23,0,0,-35,-420,-1108,-941,-307,2082,-307,-2246,-248,-615,-1136,76,-116,-78,1518,1460,1597,-718,-870,885,314,26,-216,324,39,-118,-119,308,-1086,530,246,-233,314,34,99,6210,-398,0,1545,140,458,95,-403
California,2008,-2094,954,-13147,-1947,0,-9888,1581,-895,722,4795,-5953,-1766,-4159,889,-3414,-139,-1787,-852,-1824,-29,1839,-91,4970,-868,-162,669,-2397,-2150,-11495,-342,2635,-3573,10198,-5246,-272,1391,-5108,-13128,2329,-255,-1267,-336,-3338,-31851,-8630,-170,-857,-11402,404,87,-124
Colorado,2008,276,2046,2251,-23,9888,0,-300,-204,-299,1958,1743,588,1344,385,407,972,-641,546,-208,-403,-182,467,1459,1174,370,-1490,361,-605,2839,246,2342,2355,-484,-2061,1141,759,42,978,1904,76,1886,-1029,-575,653,-398,-401,381,-2684,-90,764,94
